1568.79
1135.8
1275.26
1720.89
1320.3
1505.19
928.396
842.668
1408
1134.22
1192.3
1856.79
1309.24
954.47
1125.14
2093.43
1408
3719.12
2213.93
1278.03
1752.5
1251.56
1582.62
1353.09
1297.38
1887.61
1908.94
1189.93
1375.61
2863.41
1468.84
1989.14
2804.94
1459.75
1671.51
1269.73
1696
1372.05
1729.58
2056.69
1895.51
2195.76
2876.45
2551.71
1987.95
3329.98
2015.21
1669.53
1754.87
1880.89
2054.72
2034.97
2662.32
2129.78
3582.03
1430.92
1334.52
1629.24
9912.11
2390.13
1749.34
1419.46
4678.72
1204.15
1773.83
3094.52
1750.92
1475.95
4598.92
1618.96
2229.34
1872.59
1513.48
1460.54
1693.24
1388.64
2308.35
1510.72
1715.76
4471.71
1152
1094.32
1034.27
2496.79
1431.31
3343.02
2674.97
1548.25
1521.38
2824.69
2302.42
2080
1746.17
1588.94
1885.63
4118.52
1483.85
2385.39
2408.69
2452.55
